throughput (tps)

4-7
98.2330548995432 113.72023973086118 179.32216789036232 188.6367293554631
579.9121918762298

8-7
[68.46962389462303, 93.47983531525294, 68.29104608207531, 115.10486521633047, 145.94048314306838, 155.86460956631873, 187.54786986306453, 184.23555816863043]
1018.9338912493638

12-7
[133.82791220726142, 169.6773375486136, 156.57154408438555, 105.13017137220264, 45.55880842445441, 130.32915807360988, 182.31747687459296, 165.87460422749555, 147.49649044000617, 131.33584327244748, 115.51007258065499, 188.1206816201315]
1671.750100725856

16-7
[102.9539041657761, 156.56022305879563, 44.915746211646265, 177.90220863737423, 126.59173128680754, 35.399752083847886, 95.08865882913119, 98.82649274941247, 171.2455453566015, 186.49188975935687, 186.29973316136378, 86.15488404585794, 161.6546888706403, 179.86263905817503, 154.27620277611655, 127.29727675229067]
2091.521576803194

20-7
[55.51072494782913, 183.34984862126845, 33.92370977353906, 160.41378370623636, 147.95874622499423, 54.488156907594266, 82.89004927504074, 102.47116389592446, 122.90121976312687, 30.272116948493444, 152.29044730529972, 159.6889603530656, 187.17554867222833, 94.83669564625767, 69.47663194527223, 115.52684945132721, 166.19664472904765, 147.59032752310446, 187.8362917539626, 56.380614233614274]
2311.1785316772266
