#shard - throughput(tps)

4 767.0516726172056
8 1527.8414502169044
12 2238.1962491595746
16 2890.7826155587386
20 3265.172556401147

#shard - latency(s) (normal cross total)

4 7.20875637351525 11.989990208945592 7.748080449298526
8 6.122889979767384 10.524309208312268 7.028861426136419
12 4.863658441352547 8.99156206596371 5.9739011640423305
16 3.9859993244336716 7.673439371491243 5.0988809309851115
20 3.2397483358219388 6.701744555378179 4.379252377759608

tx rate(tps) - throughput(tps) (bsize = 100 150 80 50)

3800 3347.7715829854264 4689.734420121082 2767.6119739500905 1794.2598345818392
3200 3265.172556401147 4462.255678754502 2693.905294049664 1767.183984581699
2600 3135.6631409890883 4090.54646928421 2609.4906484462153 1740.620094791486
2000 2898.2394071400163 3320.3194647862615 2511.460787941305 1678.2605101762233
1400 2305.7098437961704 2342.009088084125 2187.6407110651667 1591.7765522040784

tx rate(tps) - latency(s) (bsize = 100 150 80 50) (normal,cross,total)

3800 3.2741332134152175,6.626298661822183,4.297863674841557 2.1767828497446198,4.796223500403938,3.0957441156648953 3.6585944353369904,7.13599514230732,4.636832539846421 4.524049037581515,8.395545631299784,5.39986661046682
3200 3.2397483358219388,6.701744555378179,4.379252377759608 2.083026924198704,4.620453971965484,3.014343045883075 3.8581343242697272,7.705482960183112,5.013808775363036 4.990602116741322,9.321047733904638,6.070312092023597
2600 2.9683912741984138,6.434950207543333,4.196788283819769 1.5377947130537806,3.5058987390745573,2.303435194671315 3.9138507603943493,8.055793291650721,5.287389517537218 5.37784044251678,10.141465532768118,6.7183783995042194
2000 2.439176505078044,5.495622889248759,3.596697296724861 1.0827614973743738,2.496919881375279,1.638170752889803 3.324639650525654,7.29503034385274,4.729840035859125 5.698308250418001,11.26648053282856,7.4286861221082106
1400 1.2701896467396419,2.882316805754703,1.903827109634749 0.8157288235533604,1.9401801579057345,1.25400900208659 2.211732851210253,4.987268900999454,3.2943015603297616 5.521293143844077,11.594177933918328,7.666584476894568
800 0.8048084648551171,1.925814107627307,1.2428080335861398 0.8048084648551171,1.925814107627307,1.2428080335861398 0.8048084648551171,1.925814107627307,1.2428080335861398 0.8048084648551171,1.925814107627307,1.2428080335861398
200 0.8379864995764841,1.9712420168419709,1.2851580463514258 0.8379864995764841,1.9712420168419709,1.2851580463514258 0.8379864995764841,1.9712420168419709,1.2851580463514258 0.8379864995764841,1.9712420168419709,1.2851580463514258

 

bsize - throughput(tps) latency(s) (normal cross total)
#shard = 20 tx rate = 3200(tps)

50 4.990602116741322 9.321047733904638 6.070312092023597
100 3.2397483358219388 6.701744555378179 4.379252377759608
150 2.083026924198704 4.620453971965484 3.014343045883075
200 1.2441045679960694 2.8395832837444877 1.8455607951341169
250 0.9682856526485148 2.260184870089901 1.4689173233800132
300 0.8308495059508442 1.9812771038640395 1.2505248468684054
350 0.8061282364245883 1.947736116380972 1.2368229512762026