tx rate = 3200
[55.51072494782913, 183.34984862126845, 33.92370977353906, 160.41378370623636, 147.95874622499423, 54.488156907594266, 82.89004927504074, 102.47116389592446, 122.90121976312687, 30.272116948493444, 152.29044730529972, 159.6889603530656, 187.17554867222833, 94.83669564625767, 69.47663194527223, 115.52684945132721, 166.19664472904765, 147.59032752310446, 187.8362917539626, 56.380614233614274]
2311.1785316772266

tx rate = 2000
[56.63362932119817, 181.17603507924338, 36.0238993908905, 152.60640970378384, 150.75440105685072, 76.54555849816079, 86.98849384196866, 93.91914444486468, 120.22377969951623, 19.909651128003745, 156.54172682915154, 169.85994294801094, 185.64901103574408, 96.12206241201002, 68.86179387232744, 119.50178662076992, 144.82559829932183, 137.0499481334258, 186.90014748654207, 55.04086690781137]
2295.133886709596

tx rate = 1400
[54.962111272761916, 171.9378439627858, 40.49494832216923, 151.74688234573802, 148.18051487768437, 51.387415046763785, 81.12272780359305, 89.70027472861861, 102.36000231680276, 20.774768995354115, 160.55314947683945, 154.28338771942396, 181.88824848270147, 86.9201694852781, 62.45533542049565, 106.6238265993504, 139.8277026669855, 127.33848053225938, 186.61722157822894, 46.66758175412595]
2165.8425933879603

tx rate = 1250
[52.52306934439362, 172.86373899453136, 30.166295324032816, 141.30264787979777, 144.3521604032914, 46.1877210897167, 73.6645496573197, 83.87600689589596, 106.3338947358194, 20.158539142599462, 147.32221935967547, 147.24483708864693, 149.0158220556288, 82.50642815534742, 55.14503428114173, 106.78499946394217, 129.0728499578218, 120.46725641112273, 186.29706680578175, 40.01991564285491]
2035.3050526893617

tx rate = 1100
[45.66467648344642, 154.41710227453456, 26.2308763135274, 130.71190321068397, 127.41935868460395, 40.69387990917352, 65.1452802705827, 72.2996562102924, 94.4395724989076, 24.629776370258558, 128.3423407342699, 125.31894399117628, 136.62813385562652, 71.8261618502377, 48.32892827856749, 93.80830457040022, 115.10301252340217, 101.00465967142334, 183.03765131168643, 35.15187412128596]
1820.202093134087

tx rate = 950
[40.228394854621044, 137.14889694740518, 22.58645756133924, 114.12904848292406, 109.77655621790475, 36.06068126841865, 55.862001518743476, 63.5641650908266, 81.56368785255374, 15.015565191979451, 111.17713232846945, 110.69509007797284, 116.81096811287871, 62.19604642080858, 42.11797497997576, 80.90757480390779, 99.86766230011881, 87.13129379773045, 156.941878312814, 30.5925589238844]
1574.373635045277

tx rate = 800
[33.80844129636828, 114.68388944824878, 19.742313464673195, 96.0840276144323, 92.59186571587767, 30.248926156487485, 47.59278519019068, 53.457376818383, 68.72544680506066, 16.715703296667662, 93.33401176407727, 92.85210733736626, 98.51889562096899, 52.38143058326161, 34.91153901068327, 67.79403716838371, 83.80110688568479, 73.23196187328229, 129.8865519928769, 28.171419352091682]
1328.5338373950665
